Space_1_DLinear_custom_ftS_sl60_ll30_pl30_dm512_nh8_el2_dl1_df2048_fc1_ebtimeF_dtTrue_Exp_0  
mse:0.9894014596939087, mae:0.6289482712745667, rse:0.8901234269142151, corr:[0.12504202 0.13102089 0.13460813 0.13574247 0.1308634  0.13346682
 0.13112271 0.131258   0.12744288 0.12531576 0.12456559 0.12455995
 0.1203422  0.12195827 0.12026174 0.11821064 0.11757036 0.11823475
 0.11724331 0.11693339 0.11870573 0.11540697 0.11447383 0.11241355
 0.10907807 0.10656425 0.10664807 0.10702872 0.10383113 0.10379083]

Space_1_DLinear_custom_ftS_sl60_ll30_pl30_dm512_nh8_el2_dl1_df2048_fc1_ebtimeF_dtTrue_Exp_0  
mse:0.9894014596939087, mae:0.6289482712745667, rse:0.8901234269142151, corr:[0.12504202 0.13102089 0.13460813 0.13574247 0.1308634  0.13346682
 0.13112271 0.131258   0.12744288 0.12531576 0.12456559 0.12455995
 0.1203422  0.12195827 0.12026174 0.11821064 0.11757036 0.11823475
 0.11724331 0.11693339 0.11870573 0.11540697 0.11447383 0.11241355
 0.10907807 0.10656425 0.10664807 0.10702872 0.10383113 0.10379083]

Space_1_DLinear_custom_ftS_sl60_ll30_pl30_dm512_nh8_el2_dl1_df2048_fc1_ebtimeF_dtTrue_Exp_0  
mse:0.9894014596939087, mae:0.6289482712745667, rse:0.8901234269142151, corr:[0.12504202 0.13102089 0.13460813 0.13574247 0.1308634  0.13346682
 0.13112271 0.131258   0.12744288 0.12531576 0.12456559 0.12455995
 0.1203422  0.12195827 0.12026174 0.11821064 0.11757036 0.11823475
 0.11724331 0.11693339 0.11870573 0.11540697 0.11447383 0.11241355
 0.10907807 0.10656425 0.10664807 0.10702872 0.10383113 0.10379083]

Space_1_DLinear_custom_ftS_sl60_ll30_pl30_dm512_nh8_el2_dl1_df2048_fc1_ebtimeF_dtTrue_Exp_0  
mse:0.9894014596939087, mae:0.6289482712745667, rse:0.8901234269142151, corr:[0.12504202 0.13102089 0.13460813 0.13574247 0.1308634  0.13346682
 0.13112271 0.131258   0.12744288 0.12531576 0.12456559 0.12455995
 0.1203422  0.12195827 0.12026174 0.11821064 0.11757036 0.11823475
 0.11724331 0.11693339 0.11870573 0.11540697 0.11447383 0.11241355
 0.10907807 0.10656425 0.10664807 0.10702872 0.10383113 0.10379083]

Space_2_DLinear_custom_ftS_sl60_ll30_pl30_dm512_nh8_el2_dl1_df2048_fc1_ebtimeF_dtTrue_Exp_0  
mse:0.9081233739852905, mae:0.5924600958824158, rse:0.8527788519859314, corr:[0.12810867 0.13034819 0.13359618 0.13020758 0.12651113 0.1294339
 0.12859544 0.12928396 0.12693    0.12506191 0.12549457 0.12500061
 0.12410858 0.12173041 0.123576   0.1218847  0.12084898 0.12108324
 0.12049365 0.12115601 0.12090878 0.11830174 0.11618438 0.11033145
 0.10711512 0.10738987 0.10450505 0.10367107 0.10088307 0.10086261]

Space_2_DLinear_custom_ftS_sl60_ll30_pl30_dm512_nh8_el2_dl1_df2048_fc1_ebtimeF_dtTrue_Exp_0  
mse:0.9081233739852905, mae:0.5924600958824158, rse:0.8527788519859314, corr:[0.12810867 0.13034819 0.13359618 0.13020758 0.12651113 0.1294339
 0.12859544 0.12928396 0.12693    0.12506191 0.12549457 0.12500061
 0.12410858 0.12173041 0.123576   0.1218847  0.12084898 0.12108324
 0.12049365 0.12115601 0.12090878 0.11830174 0.11618438 0.11033145
 0.10711512 0.10738987 0.10450505 0.10367107 0.10088307 0.10086261]

Space_2_DLinear_custom_ftS_sl60_ll30_pl30_dm512_nh8_el2_dl1_df2048_fc1_ebtimeF_dtTrue_Exp_0  
mse:0.9081233739852905, mae:0.5924600958824158, rse:0.8527788519859314, corr:[0.12810867 0.13034819 0.13359618 0.13020758 0.12651113 0.1294339
 0.12859544 0.12928396 0.12693    0.12506191 0.12549457 0.12500061
 0.12410858 0.12173041 0.123576   0.1218847  0.12084898 0.12108324
 0.12049365 0.12115601 0.12090878 0.11830174 0.11618438 0.11033145
 0.10711512 0.10738987 0.10450505 0.10367107 0.10088307 0.10086261]

Space_2_DLinear_custom_ftS_sl60_ll30_pl30_dm512_nh8_el2_dl1_df2048_fc1_ebtimeF_dtTrue_Exp_0  
mse:0.9081233739852905, mae:0.5924600958824158, rse:0.8527788519859314, corr:[0.12810867 0.13034819 0.13359618 0.13020758 0.12651113 0.1294339
 0.12859544 0.12928396 0.12693    0.12506191 0.12549457 0.12500061
 0.12410858 0.12173041 0.123576   0.1218847  0.12084898 0.12108324
 0.12049365 0.12115601 0.12090878 0.11830174 0.11618438 0.11033145
 0.10711512 0.10738987 0.10450505 0.10367107 0.10088307 0.10086261]

Space_2_DLinear_custom_ftS_sl60_ll30_pl30_dm512_nh8_el2_dl1_df2048_fc1_ebtimeF_dtTrue_Exp_0  
mse:0.9081233739852905, mae:0.5924600958824158, rse:0.8527788519859314, corr:[0.12810867 0.13034819 0.13359618 0.13020758 0.12651113 0.1294339
 0.12859544 0.12928396 0.12693    0.12506191 0.12549457 0.12500061
 0.12410858 0.12173041 0.123576   0.1218847  0.12084898 0.12108324
 0.12049365 0.12115601 0.12090878 0.11830174 0.11618438 0.11033145
 0.10711512 0.10738987 0.10450505 0.10367107 0.10088307 0.10086261]

Space_2_DLinear_custom_ftS_sl60_ll30_pl30_dm512_nh8_el2_dl1_df2048_fc1_ebtimeF_dtTrue_Exp_0  
mse:0.9081233739852905, mae:0.5924600958824158, rse:0.8527788519859314, corr:[0.12810867 0.13034819 0.13359618 0.13020758 0.12651113 0.1294339
 0.12859544 0.12928396 0.12693    0.12506191 0.12549457 0.12500061
 0.12410858 0.12173041 0.123576   0.1218847  0.12084898 0.12108324
 0.12049365 0.12115601 0.12090878 0.11830174 0.11618438 0.11033145
 0.10711512 0.10738987 0.10450505 0.10367107 0.10088307 0.10086261]

Space_2_DLinear_custom_ftS_sl60_ll30_pl30_dm512_nh8_el2_dl1_df2048_fc1_ebtimeF_dtTrue_Exp_0  
mse:0.9081233739852905, mae:0.5924600958824158, rse:0.8527788519859314, corr:[0.12810867 0.13034819 0.13359618 0.13020758 0.12651113 0.1294339
 0.12859544 0.12928396 0.12693    0.12506191 0.12549457 0.12500061
 0.12410858 0.12173041 0.123576   0.1218847  0.12084898 0.12108324
 0.12049365 0.12115601 0.12090878 0.11830174 0.11618438 0.11033145
 0.10711512 0.10738987 0.10450505 0.10367107 0.10088307 0.10086261]

Space_3_DLinear_custom_ftS_sl60_ll30_pl30_dm512_nh8_el2_dl1_df2048_fc1_ebtimeF_dtTrue_Exp_0  
mse:0.8992164731025696, mae:0.5940926671028137, rse:0.8485864996910095, corr:[0.13068777 0.13408598 0.13605955 0.13449794 0.12980126 0.12857819
 0.12871249 0.12878713 0.12652853 0.1256149  0.12562303 0.12540899
 0.12441012 0.12356058 0.12256306 0.12194917 0.12091784 0.11999142
 0.11970592 0.11947138 0.1192122  0.11734419 0.11592201 0.11148231
 0.10954312 0.1073974  0.10568275 0.10422191 0.10250232 0.10181209]

Space_3_DLinear_custom_ftS_sl60_ll30_pl30_dm512_nh8_el2_dl1_df2048_fc1_ebtimeF_dtTrue_Exp_0  
mse:0.8992164731025696, mae:0.5940926671028137, rse:0.8485864996910095, corr:[0.13068777 0.13408598 0.13605955 0.13449794 0.12980126 0.12857819
 0.12871249 0.12878713 0.12652853 0.1256149  0.12562303 0.12540899
 0.12441012 0.12356058 0.12256306 0.12194917 0.12091784 0.11999142
 0.11970592 0.11947138 0.1192122  0.11734419 0.11592201 0.11148231
 0.10954312 0.1073974  0.10568275 0.10422191 0.10250232 0.10181209]

Space_3_DLinear_custom_ftS_sl60_ll30_pl30_dm512_nh8_el2_dl1_df2048_fc1_ebtimeF_dtTrue_Exp_0  
mse:0.8992164731025696, mae:0.5940926671028137, rse:0.8485864996910095, corr:[0.13068777 0.13408598 0.13605955 0.13449794 0.12980126 0.12857819
 0.12871249 0.12878713 0.12652853 0.1256149  0.12562303 0.12540899
 0.12441012 0.12356058 0.12256306 0.12194917 0.12091784 0.11999142
 0.11970592 0.11947138 0.1192122  0.11734419 0.11592201 0.11148231
 0.10954312 0.1073974  0.10568275 0.10422191 0.10250232 0.10181209]

Space_4_DLinear_custom_ftS_sl60_ll30_pl30_dm512_nh8_el2_dl1_df2048_fc1_ebtimeF_dtTrue_Exp_0  
mse:0.8925951719284058, mae:0.5925710797309875, rse:0.8454564213752747, corr:[0.13446888 0.13816105 0.13926253 0.13728365 0.13261032 0.1308009
 0.13048625 0.1299497  0.1278459  0.1262548  0.12580177 0.12523215
 0.12444139 0.12349946 0.12287079 0.1224693  0.12127933 0.12063547
 0.11996005 0.11944818 0.11881398 0.11717028 0.11539198 0.11165293
 0.10934088 0.10774251 0.10653262 0.10503815 0.10284988 0.1020887 ]

Space_5_DLinear_custom_ftS_sl60_ll30_pl30_dm512_nh8_el2_dl1_df2048_fc1_ebtimeF_dtTrue_Exp_0  
mse:0.9182351231575012, mae:0.6124241352081299, rse:0.857513427734375, corr:[0.14650199 0.1457238  0.14433217 0.14078271 0.1354771  0.13293463
 0.13154234 0.1299996  0.12772852 0.12579565 0.12470267 0.12364408
 0.12258276 0.12137365 0.12061348 0.12005289 0.11891837 0.1180701
 0.11693574 0.11588708 0.11453065 0.11311448 0.111448   0.10897085
 0.10704478 0.10573433 0.10462286 0.10271937 0.1011324  0.09983892]

Space_5_DLinear_custom_ftS_sl60_ll30_pl30_dm512_nh8_el2_dl1_df2048_fc1_ebtimeF_dtTrue_Exp_0  
mse:0.8917078971862793, mae:0.595669686794281, rse:0.8450361490249634, corr:[0.13943808 0.14199056 0.14226636 0.13966441 0.13461742 0.13235202
 0.13152261 0.13052909 0.12840107 0.12655172 0.12583861 0.12508711
 0.12432681 0.12332582 0.12275546 0.12236779 0.12114128 0.12053749
 0.11967915 0.11895817 0.11809193 0.11654375 0.11470943 0.11149887
 0.10919087 0.10781033 0.10672925 0.10509569 0.10297113 0.10208169]

Space_2_1.1_DLinear_custom_ftS_sl60_ll30_pl30_dm512_nh8_el2_dl1_df2048_fc1_ebtimeF_dtTrue_Exp_0  
mse:0.9078183174133301, mae:0.5923149585723877, rse:0.8526355624198914, corr:[0.1280263  0.1302015  0.13358435 0.13012256 0.12617074 0.12949415
 0.12852718 0.12928186 0.12698701 0.12505408 0.12557688 0.12512687
 0.12418877 0.12176722 0.12359893 0.12175633 0.12081525 0.12111763
 0.12052469 0.12132823 0.12097371 0.11847208 0.11638892 0.11058021
 0.10722806 0.10766207 0.10471445 0.10369929 0.10086349 0.10084821]

Space_2_1.1_DLinear_custom_ftS_sl60_ll30_pl30_dm512_nh8_el2_dl1_df2048_fc1_ebtimeF_dtTrue_Exp_0  
mse:0.9071682095527649, mae:0.5919322371482849, rse:0.852330207824707, corr:[0.12777914 0.12977688 0.13353775 0.12965326 0.12491896 0.12966059
 0.12831354 0.12922491 0.12727505 0.12512967 0.12598288 0.1255848
 0.12457573 0.12205796 0.12376703 0.1214706  0.12081137 0.12127442
 0.12061502 0.12173078 0.12064026 0.11875326 0.11687188 0.11136048
 0.10746269 0.10829145 0.10531105 0.10376909 0.10070709 0.1005275 ]

Space_2_1.1_DLinear_custom_ftS_sl60_ll30_pl30_dm512_nh8_el2_dl1_df2048_fc1_ebtimeF_dtTrue_Exp_0  
mse:1.0137524604797363, mae:0.626265823841095, rse:0.9010106921195984, corr:[0.12617972 0.1224585  0.13034345 0.11823302 0.10945917 0.12295257
 0.12139399 0.12313132 0.1175922  0.11247204 0.11047959 0.10568607
 0.10521791 0.09727806 0.10793445 0.10785303 0.10368796 0.11162864
 0.10893288 0.10865628 0.11102954 0.10565809 0.10506978 0.0983555
 0.09100554 0.09218805 0.09469786 0.08874805 0.09042001 0.09305647]

Space_2_1.1_DLinear_custom_ftS_sl60_ll30_pl30_dm512_nh8_el2_dl1_df2048_fc1_ebtimeF_dtTrue_Exp_0  
mse:0.9391019940376282, mae:0.60325026512146, rse:0.8672021627426147, corr:[0.12636375 0.12627974 0.13194634 0.12406281 0.11786225 0.12696284
 0.12545452 0.12545918 0.12468527 0.12139206 0.12315365 0.12119264
 0.12077966 0.11538851 0.12142418 0.11831959 0.11430465 0.11853956
 0.11621874 0.11741716 0.11444181 0.11401396 0.11236788 0.10789572
 0.1010216  0.10137433 0.10261587 0.09906314 0.09585897 0.09814928]

Space_2_1.1_DLinear_custom_ftS_sl60_ll30_pl30_dm512_nh8_el2_dl1_df2048_fc1_ebtimeF_dtTrue_Exp_0  
mse:0.9152809977531433, mae:0.5947783589363098, rse:0.8561329245567322, corr:[0.12699252 0.1285622  0.13291398 0.12696056 0.12137412 0.12895188
 0.1273914  0.12797397 0.1272272  0.1244776  0.12627049 0.12558106
 0.12476868 0.12119141 0.12400571 0.12105265 0.11973021 0.12103144
 0.11977202 0.1207771  0.11722804 0.11690313 0.11556316 0.11131296
 0.10576892 0.1063289  0.10481007 0.10274014 0.09866069 0.0980868 ]

Space_2_1.2_DLinear_custom_ftS_sl60_ll30_pl30_dm512_nh8_el2_dl1_df2048_fc1_ebtimeF_dtTrue_Exp_0  
mse:1.1106728315353394, mae:0.6572141051292419, rse:0.9430984854698181, corr:[0.12250081 0.12165549 0.12964068 0.11672045 0.10642651 0.12109748
 0.11718549 0.11806252 0.10808921 0.10081047 0.09995365 0.09283517
 0.09299253 0.08742896 0.09939174 0.09876027 0.09751207 0.10354445
 0.1021805  0.10082757 0.1043783  0.09724193 0.09685909 0.09143145
 0.08445878 0.08501285 0.08498474 0.08056559 0.08404153 0.07828782]

Space_2_2_DLinear_custom_ftS_sl60_ll30_pl30_dm512_nh8_el2_dl1_df2048_fc1_ebtimeF_dtTrue_Exp_0  
mse:1.2116659879684448, mae:0.6896439790725708, rse:0.9850435853004456, corr:[0.11633389 0.11947545 0.12861356 0.1173994  0.10666484 0.12145533
 0.11626623 0.11528292 0.10442926 0.09655526 0.09589688 0.08724426
 0.08748458 0.08328574 0.09695394 0.09317455 0.09563179 0.10001481
 0.09880935 0.09842125 0.10175075 0.09307092 0.09227829 0.08695658
 0.08297428 0.08144274 0.08062359 0.0738285  0.07678632 0.06798898]

Space_2_2_DLinear_custom_ftS_sl60_ll30_pl30_dm512_nh8_el2_dl1_df2048_fc1_ebtimeF_dtTrue_Exp_0  
mse:0.925899863243103, mae:0.5971894264221191, rse:0.8610849380493164, corr:[0.1267331  0.12911184 0.13304053 0.13076232 0.12629448 0.12994029
 0.12893884 0.1300249  0.12763079 0.12550513 0.12580095 0.12514138
 0.12417195 0.12165406 0.12341809 0.12141518 0.12068354 0.12084934
 0.1202892  0.12132319 0.12077277 0.11842533 0.11645106 0.11075657
 0.10723213 0.1077019  0.10446715 0.10344394 0.10057313 0.10047146]

Space_2_2.1_DLinear_custom_ftS_sl60_ll30_pl30_dm512_nh8_el2_dl1_df2048_fc1_ebtimeF_dtTrue_Exp_0  
mse:0.9157850742340088, mae:0.5983603596687317, rse:0.8563686609268188, corr:[0.12827969 0.13480046 0.13477668 0.13294406 0.12901174 0.12898485
 0.12850778 0.12968771 0.12793139 0.12711467 0.1263033  0.12527278
 0.12444685 0.12365723 0.12342384 0.12270629 0.12152514 0.12077627
 0.12084701 0.11993123 0.11843082 0.11693268 0.1162314  0.11246328
 0.11056056 0.10870063 0.10809211 0.10657081 0.10382868 0.10229837]

Space_2_3.1_DLinear_custom_ftS_sl60_ll30_pl30_dm512_nh8_el2_dl1_df2048_fc1_ebtimeF_dtTrue_Exp_0  
mse:0.9104515910148621, mae:0.5931658744812012, rse:0.8489735126495361, corr:[0.12845792 0.1330212  0.13304505 0.13189387 0.12948564 0.1293058
 0.12937225 0.1290619  0.1277263  0.12618788 0.1261189  0.12593341
 0.1247701  0.12332753 0.12324325 0.12257813 0.12164363 0.12043049
 0.12015139 0.11992832 0.11835681 0.11742909 0.11526739 0.11185521
 0.10911054 0.10724647 0.10578271 0.10558153 0.10300104 0.10237031]

Space_2_3.1_DLinear_custom_ftS_sl60_ll30_pl30_dm512_nh8_el2_dl1_df2048_fc1_ebtimeF_dtTrue_Exp_0  
mse:0.9098689556121826, mae:0.5949044823646545, rse:0.8551446199417114, corr:[0.12883744 0.13315311 0.13247548 0.13057421 0.12672594 0.12683098
 0.12739018 0.12821925 0.1267411  0.1251025  0.12627602 0.12525956
 0.12395731 0.12320366 0.12300285 0.12240861 0.12088393 0.12007215
 0.1204706  0.12029887 0.11890927 0.11648727 0.11408656 0.11118133
 0.10917494 0.1071521  0.10602781 0.10628717 0.10275753 0.10188768]

Space_2_3.2_DLinear_custom_ftS_sl60_ll45_pl30_dm512_nh8_el2_dl1_df2048_fc1_ebtimeF_dtTrue_Exp_0  
mse:0.9098689556121826, mae:0.5949044823646545, rse:0.8551446199417114, corr:[0.12883744 0.13315311 0.13247548 0.13057421 0.12672594 0.12683098
 0.12739018 0.12821925 0.1267411  0.1251025  0.12627602 0.12525956
 0.12395731 0.12320366 0.12300285 0.12240861 0.12088393 0.12007215
 0.1204706  0.12029887 0.11890927 0.11648727 0.11408656 0.11118133
 0.10917494 0.1071521  0.10602781 0.10628717 0.10275753 0.10188768]

Space_2_3.2_DLinear_custom_ftS_sl60_ll45_pl30_dm512_nh8_el2_dl1_df2048_fc1_ebtimeF_dtTrue_Exp_0  
mse:0.9098689556121826, mae:0.5949044823646545, rse:0.8551446199417114, corr:[0.12883744 0.13315311 0.13247548 0.13057421 0.12672594 0.12683098
 0.12739018 0.12821925 0.1267411  0.1251025  0.12627602 0.12525956
 0.12395731 0.12320366 0.12300285 0.12240861 0.12088393 0.12007215
 0.1204706  0.12029887 0.11890927 0.11648727 0.11408656 0.11118133
 0.10917494 0.1071521  0.10602781 0.10628717 0.10275753 0.10188768]

Space_2_4.1_DLinear_custom_ftS_sl60_ll45_pl30_dm512_nh8_el2_dl1_df2048_fc1_ebtimeF_dtTrue_Exp_0  
mse:1.1938954591751099, mae:0.7369444370269775, rse:0.9777935147285461, corr:[0.14040363 0.13738872 0.13474193 0.13181499 0.12866057 0.1264291
 0.12458405 0.12273935 0.12077732 0.11905544 0.11736394 0.11579754
 0.11422104 0.11277289 0.11160398 0.11037808 0.10905965 0.10778407
 0.10658295 0.10529137 0.10369432 0.10217775 0.10035363 0.09861875
 0.09711996 0.09541066 0.09367951 0.09186533 0.09011478 0.0882115 ]

Space_2_4.1_DLinear_custom_ftS_sl60_ll45_pl30_dm512_nh8_el2_dl1_df2048_fc1_ebtimeF_dtTrue_Exp_1  
mse:1.2347831726074219, mae:0.7521505355834961, rse:0.994395911693573, corr:[0.13947622 0.13684885 0.13438071 0.1313891  0.12826116 0.12597853
 0.12418848 0.12247443 0.12050059 0.11858344 0.11712705 0.11539932
 0.11388757 0.11264881 0.111352   0.11019388 0.1089555  0.10775203
 0.10648962 0.10502584 0.10355328 0.10199084 0.10018282 0.09845686
 0.09673753 0.0950636  0.09312815 0.09137495 0.08952382 0.08769098]

Space_2_4.1_DLinear_custom_ftS_sl60_ll45_pl30_dm512_nh8_el2_dl1_df2048_fc1_ebtimeF_dtTrue_Exp_0  
mse:0.9098689556121826, mae:0.5949044823646545, rse:0.8551446199417114, corr:[0.12883744 0.13315311 0.13247548 0.13057421 0.12672594 0.12683098
 0.12739018 0.12821925 0.1267411  0.1251025  0.12627602 0.12525956
 0.12395731 0.12320366 0.12300285 0.12240861 0.12088393 0.12007215
 0.1204706  0.12029887 0.11890927 0.11648727 0.11408656 0.11118133
 0.10917494 0.1071521  0.10602781 0.10628717 0.10275753 0.10188768]

Space_2_4.2_DLinear_custom_ftS_sl60_ll45_pl30_dm512_nh8_el2_dl1_df2048_fc1_ebtimeF_dtTrue_Exp_0  
mse:0.9111666679382324, mae:0.5963615775108337, rse:0.8557541966438293, corr:[0.12729481 0.1335028  0.13380867 0.13212998 0.12876536 0.12878238
 0.12811303 0.12899174 0.12711416 0.12616195 0.12628847 0.12561892
 0.1244072  0.1236081  0.12316416 0.12232157 0.12073823 0.11998933
 0.1198061  0.11913021 0.11793796 0.11691303 0.11592402 0.11207492
 0.11008378 0.10834014 0.10762734 0.1062838  0.10359278 0.10268542]

Space_2_4.2_DLinear_custom_ftS_sl60_ll30_pl30_dm512_nh8_el2_dl1_df2048_fc1_ebtimeF_dtTrue_Exp_0  
mse:0.8899258375167847, mae:0.6020057201385498, rse:0.8457208871841431, corr:[0.13551411 0.13772193 0.13926943 0.13794717 0.13417313 0.13280824
 0.13181885 0.13091668 0.12906976 0.12723325 0.1263368  0.12547041
 0.12446223 0.12342601 0.12259161 0.12220336 0.12090427 0.11981709
 0.1191559  0.11823343 0.11679842 0.11564613 0.11401477 0.11078365
 0.10820345 0.10681297 0.10597076 0.1043912  0.10277425 0.10204121]

Space_2_5_DLinear_custom_ftS_sl120_ll30_pl30_dm512_nh8_el2_dl1_df2048_fc1_ebtimeF_dtTrue_Exp_0  
mse:0.8936875462532043, mae:0.602973461151123, rse:0.8475064039230347, corr:[0.13757984 0.14024507 0.14077483 0.14105797 0.13697511 0.13584861
 0.13506721 0.13499519 0.13345507 0.13187578 0.1306216  0.12973638
 0.12847763 0.12734492 0.12610278 0.1262429  0.12447525 0.12322251
 0.12283899 0.12231988 0.12057392 0.11949982 0.11736115 0.11460519
 0.11239441 0.11186264 0.11040545 0.1103238  0.10834781 0.10825703]

Space_2_5_DLinear_custom_ftS_sl120_ll30_pl30_dm512_nh8_el2_dl1_df2048_fc1_ebtimeF_dtTrue_Exp_0  
mse:0.8972097039222717, mae:0.6012507677078247, rse:0.8491748571395874, corr:[0.12801129 0.13443132 0.13758944 0.13510703 0.13300891 0.13179295
 0.13214754 0.13151202 0.13049671 0.12961626 0.12902032 0.1305805
 0.12982528 0.12797724 0.12735121 0.128184   0.12540351 0.12537937
 0.12515098 0.12398104 0.12253255 0.12228272 0.11978839 0.11633553
 0.11464121 0.11108557 0.11096373 0.11143487 0.10930142 0.10792332]

Space_2_5_DLinear_custom_ftS_sl60_ll30_pl30_dm512_nh8_el2_dl1_df2048_fc1_ebtimeF_dtTrue_Exp_0  
mse:0.9098689556121826, mae:0.5949044823646545, rse:0.8551446199417114, corr:[0.12883744 0.13315311 0.13247548 0.13057421 0.12672594 0.12683098
 0.12739018 0.12821925 0.1267411  0.1251025  0.12627602 0.12525956
 0.12395731 0.12320366 0.12300285 0.12240861 0.12088393 0.12007215
 0.1204706  0.12029887 0.11890927 0.11648727 0.11408656 0.11118133
 0.10917494 0.1071521  0.10602781 0.10628717 0.10275753 0.10188768]

Space_2_5_DLinear_custom_ftS_sl120_ll30_pl30_dm512_nh8_el2_dl1_df2048_fc1_ebtimeF_dtTrue_Exp_0  
mse:0.8972097039222717, mae:0.6012507677078247, rse:0.8491748571395874, corr:[0.12801129 0.13443132 0.13758944 0.13510703 0.13300891 0.13179295
 0.13214754 0.13151202 0.13049671 0.12961626 0.12902032 0.1305805
 0.12982528 0.12797724 0.12735121 0.128184   0.12540351 0.12537937
 0.12515098 0.12398104 0.12253255 0.12228272 0.11978839 0.11633553
 0.11464121 0.11108557 0.11096373 0.11143487 0.10930142 0.10792332]

Space_2_5_DLinear_custom_ftS_sl120_ll30_pl30_dm512_nh8_el2_dl1_df2048_fc1_ebtimeF_dtTrue_Exp_0  
mse:0.9212263226509094, mae:0.6122891306877136, rse:0.8604652285575867, corr:[0.13496086 0.1390613  0.14166936 0.13878065 0.13567491 0.13461658
 0.13469282 0.13399228 0.13349733 0.13249129 0.13251713 0.13240825
 0.12950173 0.12822458 0.12570392 0.12631015 0.12348657 0.12204974
 0.12176833 0.12249321 0.12014568 0.12027674 0.11651599 0.11377952
 0.11113719 0.11022905 0.10983655 0.11276192 0.10907109 0.10711139]

